Site  lat      lon           Nvel  Nerr     Evel  Eerr     Uvel  Uerr
AINP 19.37265 -155.45802   -17.28  0.13    24.34  0.21    -2.98  0.27
ALEP 19.54116 -155.64411    36.96  0.39   -27.26  0.35     7.75  0.58
BLBP 19.35462 -155.71142    -5.13  0.15     2.35  0.19    -2.51  0.80
ELEP 19.45028 -155.52494   -17.81  0.11    61.44  0.56    13.63  0.27
KFAP 19.43835 -155.44062   -10.63  0.15    33.83  0.29    -0.35  0.69
MLCC 19.56316 -155.49103     1.80  0.10     4.54  0.16    -1.93  0.49
MLSP 19.45118 -155.59243   -15.03  0.11   -11.50  0.15    42.40  0.55
MOKP 19.48535 -155.59937    14.09  0.20   -14.55  0.17    27.76  0.39
PAT3 19.43044 -155.57171   -57.78  0.50    64.16  0.64    37.25  0.50
STEP 19.53644 -155.57478     3.10  0.06     0.72  0.08     0.42  0.24
TOUO 19.50432 -155.70274    22.53  0.30   -45.44  0.56     7.25  0.62
YEEP 19.26210 -155.74617    -0.53  0.14     4.23  0.21    -2.46  0.70
ALAL 19.38149 -155.59153   -31.82  0.25    12.29  0.29     1.65  1.11
ANIP 19.39565 -155.51727   -31.69  0.27    37.62  0.39     6.90  1.42
KHKU 19.31666 -155.63657    -5.36  0.25     2.68  0.28   -10.48  1.23
KNNE 19.28562 -155.68619    -1.72  0.25     3.24  0.31    -8.64  1.20
MLES 19.46432 -155.55254   -12.45  0.19    76.66  0.64    48.86  1.08
MLRD 19.55558 -155.53337    -2.90  0.23     2.30  0.26    -5.97  1.16
PHAN 19.44696 -155.63838    -2.11  0.20   -44.35  0.46    25.58  1.13
PIIK 19.32234 -155.56405   -18.53  0.22    11.83  0.28     2.15  1.38
PUKA 19.50644 -155.47898     2.70  0.26    16.12  0.28     3.92  1.27
RADF 19.58398 -155.43136     1.10  0.23     2.36  0.26    -3.87  1.42
SLPC 19.40679 -155.67016   -14.22  0.23   -14.82  0.32    13.49  1.24
