-155.458020 19.372650 -21.961374 0.623524 28.665479 0.600736 0.204479 2.697599 1567.00
-155.644110 19.541160 25.496202 0.643510 -20.687650 0.884405 9.563230 2.287979 2922.00
-155.711420 19.354620 -8.883142 0.494132 -0.256701 0.551770 -2.553336 2.628200 2664.00
-155.524940 19.450280 -23.171254 1.078781 67.767367 3.543396 28.948465 3.710009 3378.00
-155.440620 19.438350 -11.998421 1.105992 25.953719 3.583553 4.031639 5.325253 2072.73
-155.491030 19.563160 1.917869 0.480130 5.156352 0.492102 1.690349 2.683681 2886.00
-155.592430 19.451180 -11.565304 1.109649 -11.061265 3.813748 34.910798 5.316400 4078.00
-155.599370 19.485350 7.749238 1.147989 -11.879098 3.802135 27.163029 6.038784 4131.17
-155.571710 19.430440 -45.070220 2.399023 40.550445 4.400818 40.543178 5.799690 3831.00
-155.574780 19.536440 0.384927 0.439365 0.883499 0.491502 2.035387 2.624539 3419.00
-155.702740 19.504320 14.682426 0.451614 -37.054373 1.057335 8.655844 2.470323 2535.00
-155.746170 19.262100 -2.875568 1.121901 2.458970 3.785747 -0.710336 5.257057 2265.00
-155.591530 19.381490 -23.248624 1.636546 10.769855 3.754155 4.550921 5.625499 3203.00
-155.517270 19.395650 -35.473209 1.475149 35.645375 4.089764 11.636767 5.664117 2599.05
-155.636570 19.316660 -3.868338 0.889651 5.748152 2.762662 -6.861792 4.396416 2641.00
-155.686190 19.285620 -2.609439 0.861517 7.419336 3.073189 -5.719334 4.792763 2468.16
-155.552540 19.464320 -11.798515 1.059856 60.632443 4.839832 40.285699 5.888404 3840.85
-155.533370 19.555580 -1.122475 1.158259 4.255245 3.315212 4.665834 6.432135 3082.19
-155.638380 19.446960 -4.060430 0.464225 -39.092957 1.544580 30.188512 3.628283 3700.00
-155.564050 19.322340 -17.709648 1.260320 11.147991 3.845535 4.136546 5.056302 2308.00
-155.478980 19.506440 5.453033 0.990005 24.082026 3.471137 9.652307 5.692532 3026.10
-155.431360 19.583980 1.782395 0.471204 5.064490 0.450307 -0.537327 2.534978 2414.00
-155.670160 19.406790 -13.975744 0.996948 -9.801714 3.068205 3.295568 4.766119 3141.00
