-155.458020 19.372650 492.870589 0.530064 -1845.894772 1.107154 -240.882305 3.072076 1567.00
-155.644110 19.541160 -3537.509162 2.087192 2099.742269 1.002048 -1410.350763 4.453419 2922.00
-155.711420 19.354620 625.124599 0.613602 1000.377919 1.023247 -252.277542 3.021479 2664.00
-155.524940 19.450280 -7194.217256 29.218756 -9403.263458 16.010385 -2056.785255 4.862537 3378.00
-155.440620 19.438350 -724.650474 3.403846 -1782.900935 3.499304 -358.468997 5.247991 2072.73
-155.491030 19.563160 613.478315 1.849631 -399.542448 1.497427 398.454543 6.536442 2886.00
-155.592430 19.451180 -1898.191145 34.803154 11901.566980 99.855200 -15550.759452 35.748270 4078.00
-155.599370 19.485350 -989.214079 13.177557 1754.460948 19.762366 -10716.691924 29.469091 4131.17
-155.571710 19.430440 7874.556225 8.890279 -12899.368327 30.119635 -13297.009486 32.243191 3831.00
-155.574780 19.536440 11687.104754 26.092512 -9244.062265 18.962506 1673.589112 9.802078 3419.00
-155.702740 19.504320 -2687.390965 1.937948 5953.303842 5.653584 -659.789131 1.728273 2535.00
-155.746170 19.262100 76.427727 0.741815 -51.699216 2.998926 73.771031 3.232352 2265.00
-155.591530 19.381490 1857.990191 9.266871 998.177545 14.730452 -2531.641175 5.638419 3203.00
-155.517270 19.395650 1887.628142 2.164989 -5591.713775 11.963244 -1307.294960 3.654848 2599.05
-155.636570 19.316660 -90.847631 0.778165 197.529421 0.459422 -234.796222 2.440045 2641.00
-155.686190 19.285620 94.445147 0.365400 106.790508 0.399278 -229.637088 2.185212 2468.16
-155.552540 19.464320 -13810.652368 51.418453 -11411.371361 24.323423 -7021.465274 11.929763 3840.85
-155.533370 19.555580 5702.385295 29.813329 -1927.484728 15.386298 802.157382 16.886468 3082.19
-155.638380 19.446960 2940.479337 12.911968 10218.329338 6.927482 -7436.488108 11.545766 3700.00
-155.564050 19.322340 842.139517 1.633111 -171.589113 1.536043 -376.388039 3.089678 2308.00
-155.478980 19.506440 -1920.785459 4.767707 -612.017338 7.956037 516.449203 8.792010 3026.10
-155.431360 19.583980 -168.678777 0.791336 -592.656713 0.640970 -360.420133 4.444176 2414.00
-155.670160 19.406790 2152.873632 2.028611 4464.453036 2.589872 -1449.899929 2.265156 3141.00
