-155.458020 19.372650 -16.887634 0.510213 28.906172 0.698144 -2.811667 3.236433 1567.00
-155.644110 19.541160 59.969882 0.526328 -50.775848 0.554632 3.289787 2.776454 2922.00
-155.711420 19.354620 2.030973 0.424863 2.561054 0.509438 -0.355678 2.549405 2664.00
-155.524940 19.450280 -39.787618 0.913978 199.696542 3.668908 19.032929 6.199585 3378.00
-155.440620 19.438350 -4.107973 1.147759 28.431732 3.844605 -0.591061 5.669140 2073.00
-155.491030 19.563160 2.537757 0.409433 1.010258 0.457835 -3.948773 2.274551 2886.00
-155.592430 19.451180 -289.478566 1.578329 54.054543 3.965295 406.458650 5.121181 4078.00
-155.599370 19.485350 156.391906 1.995752 -159.503647 3.678279 245.581201 6.109276 4132.00
-155.571710 19.430440 -247.977117 1.744719 -100.619061 4.358102 -958.675529 6.486330 3831.00
-155.574780 19.536440 21.554214 0.637374 8.596794 0.492527 12.900190 2.453837 3419.00
-155.702740 19.504320 25.139945 0.453556 -51.360329 0.793210 -11.358807 2.889471 2535.00
-155.746170 19.262100 3.445723 0.905899 11.590553 3.529750 6.248465 4.957504 2265.00
-155.591530 19.381490 -77.732440 2.161022 42.288565 4.009646 17.004524 6.170890 3203.00
-155.517270 19.395650 -56.175390 1.251743 74.893906 3.724873 -2.213755 6.761325 2599.00
-155.636570 19.316660 -0.644861 0.394292 6.132058 0.419272 6.265820 2.519713 2641.00
-155.686190 19.285620 3.458015 0.359614 6.768430 0.460464 4.656552 2.147784 2468.00
-155.552540 19.464320 -40.494685 0.887468 375.823484 6.285015 149.447472 6.845812 3841.00
-155.533370 19.555580 -4.071871 1.171678 21.370916 3.283980 5.856171 6.717990 3082.00
-155.638380 19.446960 10.471841 0.655383 -206.819641 1.367859 85.586765 4.299329 3700.00
-155.564050 19.322340 44.461018 1.313904 78.756315 4.097331 -6.341130 5.204067 2308.00
-155.478980 19.506440 9.594277 0.998159 25.115937 3.523547 -6.930191 6.543320 3026.00
-155.431360 19.583980 6.809589 0.501086 -0.116074 0.544784 -3.037432 2.785636 2414.00
-155.670160 19.406790 -7.735736 0.517096 -44.035661 1.082495 0.504095 2.622796 3141.00
